47
3 3 3
3 3 3
1 3 6
3 9 18
1 7 9
2 8 10
1 2 3
3 2 3
1 6 4
1 7 4
1 8 6
1 8 7
1 4 10
4 7 19
1 10 11
5 19 15
1 6 4
7 25 10
1 3 6
7 19 37
1 3 6
7 19 37
1 3 6
10 20 35
2 5 7
4 10 28
2 1 2
1 1 4
1 7 9
5 17 21
1 7 9
8 20 24
-1 -7 -9
-5 -17 -21
-1 -7 -9
-8 -20 -24
1 7 9
2 17 21
1 7 9
4 20 24
-123 123 1697
7 7 7
2 5 8
18 39 56
2 5 8
18 39 12
2 5 8
36 48 15
2 5 8
36 48 32
2 5 8
18 35 56
2 5 8
18 35 12
2 5 8
18 9 56
2 5 8
36 12 32
2 5 8
36 20 15
1 5 11
7 23 47
1 5 11
7 20 14
1 5 11
7 8 44
1 5 11
4 23 44
1 5 11
4 23 14
1 5 11
4 20 27
1 5 11
4 8 27
1 5 11
15 27 45
1 5 11
15 9 33
1 5 11
15 15 15
1 5 11
5 27 33
1 5 11
3 27 15
1 5 11
5 15 45
1 5 11
3 9 45
1 5 11
15 9 21
1 5 11
36 20 99
6 4 6
12310 12 -10
